1 0.028990695968381247
2 1.0651474834659744
3 -0.00533474017635381
4 0.02841350086210234
5 -0.003497281766749531
6 1.126074044119151
7 -0.005723832971175722
8 -3.3476040986026705
9 0.010583010018193418
10 -0.00027987698780632375
11 -0.01068746828327422
12 -0.00479584645727147
13 0.12747395936074463
14 0.7511271889437469
15 0.023746864837443177
16 0.6421652193659803
17 0.1749839301652996
18 0.004746415222037061
19 -0.002680876792530093
20 0.757277047268459
21 -0.5533095121670956
22 2.0172931018145204
23 0.038205097072257936
24 -0.0037325801634169138
25 -0.006142863580895254
26 0.007704066157478862
27 0.024116544089101216
28 -0.010041386674633604
29 0.07703496608496434
30 0.002429525137091463
31 0.014774993919912372
32 -1.40042922372252e-05
33 0.0008203567928726396
34 0.046106541111364543
35 0.2342839505174128
36 -0.17457564517289592
37 -0.003251270335544678
38 0.0011840514614580022
39 0.002394976990240447
40 -0.0005793529177883886
41 0.0029618770670512525
42 -0.0015550515772522664
43 -0.0004662327233065212
