-0.032447563901249324
1.1454979140826973
0.0073729753359513105
-0.005047524553135306
-0.018646724358200934
1.076767929212909
0.0045990524798387765
-3.3477593977653815
0.013713268640761805
-0.00028041597277848884
-0.027301436586232013
0.029102953654800888
0.12622584230481143
0.714023496335154
-0.002867639497167563
0.6402519696752549
0.16162693644858883
-0.012118217802961663
0.006738355354716397
0.7868860900583501
-0.5229893586510117
2.0539614138380404
0.008070088296792541
-0.010082389563660168
0.002226935658340791
0.010008796064254161
0.026774688552141584
0.002733839106674407
0.07580435894106864
0.005998812274604404
0.010188752505434386
-0.004304475188599726
0.010825308534038874
0.040010671414642665
0.2369374824723731
-0.1633418004287322
-0.012321240835254333
0.006557276135097483
-0.0067582400723182525
0.00013719386329251904
-0.002682843210816532
0.0024565236617062466
0.00465305633589117
