9.568818658590316772e-02
9.004990756511688232e-02
9.526538103818893433e-02
-4.283563420176506042e-02
1.620530188083648682e-01
2.995448745787143707e-02
2.339769303798675537e-01
1.824380904436111450e-01
7.831145077943801880e-02
2.529992759227752686e-01
2.204560637474060059e-01
8.472412079572677612e-02
2.201066315174102783e-01
-1.390393674373626709e-01
-9.080514311790466309e-02
2.500981688499450684e-01
1.997163593769073486e-01
1.206123158335685730e-01
2.373348921537399292e-02
2.187522500753402710e-02
8.455558121204376221e-02
-1.511519104242324829e-01
1.644381731748580933e-01
1.497812271118164062e-01
2.497735917568206787e-01
-1.597819924354553223e-01
-2.023560702800750732e-01
-1.852519512176513672e-01
