3.166559040546417236e-01
-2.068639500066637993e-03
1.472688466310501099e-01
5.966402962803840637e-02
-9.422855079174041748e-02
4.981360733509063721e-01
-1.363728642463684082e-01
9.941834211349487305e-02
1.956058889627456665e-01
-5.317697674036026001e-02
1.413874924182891846e-01
6.130991503596305847e-03
-1.751512140035629272e-01
-8.625003695487976074e-02
-2.686761915683746338e-01
-1.541220992803573608e-01
1.198570989072322845e-02
-1.285604387521743774e-01
3.154384493827819824e-01
4.740702807903289795e-01
1.922237724065780640e-01
-1.840206049382686615e-02
4.020280539989471436e-01
-1.888025104999542236e-01
2.088390141725540161e-01
-2.874779105186462402e-01
-1.607917100191116333e-01
2.024835050106048584e-01
