-6.630738824605941772e-02
-1.333279907703399658e-01
-1.231395080685615540e-01
-1.611783355474472046e-01
-1.005287840962409973e-01
-1.602333486080169678e-01
-1.023922488093376160e-01
-2.763608470559120178e-03
-2.065627872943878174e-01
-4.596266150474548340e-02
-3.230338171124458313e-02
-1.475074291229248047e-01
-4.823787137866020203e-02
-1.779165267944335938e-01
-1.456955075263977051e-01
-9.996447712182998657e-02
-1.204440295696258545e-01
-1.667588353157043457e-01
-1.361323744058609009e-01
-1.649330854415893555e-01
-1.377555727958679199e-01
-8.620470017194747925e-02
-1.400003284215927124e-01
-1.948179155588150024e-01
3.003648295998573303e-02
-7.958460599184036255e-02
-1.198653429746627808e-01
-1.391041725873947144e-01
-8.236479759216308594e-02
-1.311813890933990479e-01
-2.346792668104171753e-01
-1.394025087356567383e-01
-1.533199697732925415e-01
-1.766005009412765503e-01
-8.371198922395706177e-02
-1.772136539220809937e-01
-8.886736631393432617e-02
-1.082978248596191406e-01
-9.461824595928192139e-02
-1.756535023450851440e-01
-1.584538817405700684e-01
-9.280676394701004028e-02
-9.912806749343872070e-02
-7.232361286878585815e-02
-1.406479030847549438e-01
-1.785180419683456421e-01
-1.353013068437576294e-01
-1.703881472349166870e-01
-6.343078613281250000e-02
-2.813792601227760315e-02
-1.488440334796905518e-01
-1.597266495227813721e-01
-7.636751234531402588e-02
-1.149996221065521240e-01
-1.296932399272918701e-01
-1.642937511205673218e-01
-9.261487424373626709e-02
-2.094384282827377319e-01
-1.431940495967864990e-01
-9.244418144226074219e-02
-1.141202375292778015e-01
-3.994674980640411377e-02
-1.126952469348907471e-01
-1.324776709079742432e-01
-1.279859393835067749e-01
-1.064503267407417297e-01
-1.633761972188949585e-01
-9.957759827375411987e-02
-1.693991273641586304e-01
-7.648653537034988403e-02
-6.734957545995712280e-02
-1.290863007307052612e-01
-8.064144104719161987e-02
-1.680448055267333984e-01
-5.291336029767990112e-02
-1.075176000595092773e-01
-8.707391470670700073e-02
-8.236785233020782471e-02
-1.280889660120010376e-01
-7.771409302949905396e-02
-1.026002019643783569e-01
-4.038619622588157654e-02
-9.740237146615982056e-02
-1.271454691886901855e-01
-1.140429973602294922e-01
-1.099165678024291992e-01
1.351344399154186249e-02
1.430483162403106689e-02
-1.093441545963287354e-01
-5.903073772788047791e-02
-5.677845329046249390e-02
-6.976307183504104614e-02
-7.626067847013473511e-02
-1.779109425842761993e-02
-1.361335515975952148e-01
-1.010667979717254639e-01
-2.327645123004913330e-01
-3.975402563810348511e-02
-2.236887440085411072e-02
-2.566195093095302582e-02
1.191803347319364548e-02
-1.580176055431365967e-01
-3.274917602539062500e-02
-7.587914913892745972e-02
-1.251408606767654419e-01
-2.195357531309127808e-01
-1.071555390954017639e-01
-7.307711243629455566e-02
-5.060299765318632126e-03
-6.398013234138488770e-02
-1.223600283265113831e-01
-1.128674969077110291e-01
-1.098646447062492371e-01
-9.050412476062774658e-02
-9.333693236112594604e-02
-1.416360586881637573e-01
-7.095955312252044678e-02
-1.196260973811149597e-01
-1.275179088115692139e-01
-3.519089892506599426e-02
-5.868662893772125244e-02
-1.571998298168182373e-01
-5.212474614381790161e-02
-1.434119194746017456e-01
-1.545381844043731689e-01
-4.529160633683204651e-02
-1.137987300753593445e-01
-9.507325291633605957e-02
-8.544937521219253540e-02
-1.114447787404060364e-01
-1.542683243751525879e-01
-1.200962066650390625e-01
-1.040552556514739990e-01
-7.296100258827209473e-02
-1.221767365932464600e-01
-1.313796639442443848e-01
-6.323904544115066528e-02
-1.244975030422210693e-01
-1.185426712036132812e-01
-1.939451545476913452e-01
-1.400682479143142700e-01
-2.071452140808105469e-01
-3.446168452501296997e-02
-6.986113637685775757e-02
-1.127559095621109009e-01
-1.186950877308845520e-01
-1.314921975135803223e-01
-1.148030683398246765e-01
-9.796857833862304688e-02
-1.137798875570297241e-01
-9.781852364540100098e-02
-1.007840707898139954e-01
-1.452603489160537720e-01
-1.148876771330833435e-01
-1.800737977027893066e-01
-9.398473799228668213e-02
-9.814333170652389526e-02
2.416244335472583771e-02
-1.641422659158706665e-01
-5.188541486859321594e-02
-1.165681034326553345e-01
-5.020639300346374512e-02
-9.764719009399414062e-02
-8.893637359142303467e-02
-9.813977777957916260e-02
5.004732869565486908e-03
-2.189334928989410400e-01
-1.154792681336402893e-01
-8.977232873439788818e-02
-1.293151080608367920e-01
-1.083787977695465088e-01
-1.499761492013931274e-01
-9.858300536870956421e-02
-3.840309567749500275e-03
-1.712473034858703613e-01
-1.761933565139770508e-01
-2.690858580172061920e-02
9.980621747672557831e-03
-7.971876859664916992e-02
-1.312750428915023804e-01
-5.132777616381645203e-02
-8.263386040925979614e-02
-8.610404282808303833e-02
-4.307342320680618286e-02
-1.587128788232803345e-01
-1.543363928794860840e-01
-1.713528633117675781e-01
-7.631920278072357178e-02
-2.160467058420181274e-01
-5.428966134786605835e-02
-1.112562417984008789e-01
-1.601231098175048828e-01
-1.940377205610275269e-01
-5.988605320453643799e-02
-1.569442749023437500e-01
-1.668506413698196411e-01
-1.379007697105407715e-01
-1.234830692410469055e-01
-1.076408252120018005e-01
-2.188099473714828491e-01
-1.036139801144599915e-01
-3.278916701674461365e-02
-2.180406153202056885e-01
-1.104137375950813293e-01
-1.576569527387619019e-01
-5.551673844456672668e-02
-3.667862340807914734e-02
1.118914783000946045e-02
-1.100271269679069519e-01
-1.497789770364761353e-01
-2.096243649721145630e-01
-1.506170928478240967e-01
-1.151389330625534058e-01
-2.196205407381057739e-01
-1.866194605827331543e-01
-4.978481307625770569e-02
-9.029976278543472290e-02
-1.428169608116149902e-01
-5.790416896343231201e-02
-9.809727221727371216e-02
-1.045302972197532654e-01
-1.265823692083358765e-01
-8.381446450948715210e-02
-6.461737304925918579e-02
-7.317671179771423340e-02
-2.948736399412155151e-02
-1.889407634735107422e-01
-1.302252262830734253e-01
-2.183636426925659180e-01
-1.015167459845542908e-01
-7.489033043384552002e-02
-4.931341484189033508e-02
-5.581939220428466797e-02
-3.951738402247428894e-02
-5.337769165635108948e-02
-1.568339318037033081e-01
-1.185605749487876892e-01
-1.866129040718078613e-01
-5.488785728812217712e-02
-1.115913391113281250e-01
-1.931535601615905762e-01
-7.658705860376358032e-02
-1.163790225982666016e-01
-6.595346331596374512e-02
-9.025646746158599854e-02
-6.757409125566482544e-02
-1.693098247051239014e-01
-1.126534566283226013e-01
-1.620375066995620728e-01
-1.473135501146316528e-02
-1.414400488138198853e-01
-2.335952520370483398e-01
-9.540828317403793335e-02
-1.321089714765548706e-01
-1.053296476602554321e-01
-1.295033097267150879e-01
-1.773969531059265137e-01
-1.478181034326553345e-01
-7.791255414485931396e-02
-1.844385266304016113e-01
-7.918542623519897461e-02
-2.328465580940246582e-01
-2.219212613999843597e-02
-1.522778719663619995e-01
-1.570131629705429077e-01
-1.482816487550735474e-01
-1.591095626354217529e-01
-1.496747732162475586e-01
-7.398137450218200684e-02
-8.039288967847824097e-02
-1.148652955889701843e-01
-1.712113022804260254e-01
-8.591243624687194824e-02
-7.002452760934829712e-02
1.471213903278112411e-02
-1.205503046512603760e-01
-1.824154853820800781e-01
-8.441748470067977905e-02
-1.636543869972229004e-01
-7.281985133886337280e-02
-2.189437001943588257e-01
-7.945949584245681763e-02
-1.746475882828235626e-02
-8.556119352579116821e-02
-1.626016646623611450e-01
-1.029571965336799622e-01
-6.005626916885375977e-02
-1.504003703594207764e-01
-1.076063960790634155e-01
-1.291228234767913818e-01
-5.333131551742553711e-02
-1.414932608604431152e-01
-6.310732662677764893e-02
-1.225568726658821106e-01
-1.092079728841781616e-01
-1.326979100704193115e-01
-1.748878508806228638e-01
-7.550057023763656616e-02
-7.738260179758071899e-02
-9.656458348035812378e-02
-1.144494116306304932e-01
-1.483798474073410034e-01
-1.575624197721481323e-01
-7.134766131639480591e-02
-1.256891936063766479e-01
-1.485960334539413452e-01
-1.105103045701980591e-01
-9.633492678403854370e-02
-1.396415233612060547e-01
-1.125828772783279419e-01
-7.829627394676208496e-02
-6.166417524218559265e-02
-1.101071015000343323e-01
-2.014734596014022827e-01
-1.974981129169464111e-01
-8.283714205026626587e-02
-8.470021188259124756e-02
-2.229281812906265259e-01
-1.858053952455520630e-01
-6.367255002260208130e-02
-1.795150041580200195e-01
-1.095441281795501709e-01
-1.115073487162590027e-01
-2.326012104749679565e-01
-1.853752732276916504e-01
-2.239493578672409058e-01
-8.969315886497497559e-02
-2.666972950100898743e-02
-2.061441093683242798e-01
-1.465121060609817505e-01
-1.715494096279144287e-01
-1.109179705381393433e-01
-8.909308910369873047e-02
-1.449138075113296509e-01
-1.657152473926544189e-01
-1.137302070856094360e-01
-5.825021769851446152e-03
-1.978035271167755127e-01
1.040619984269142151e-02
-4.322583228349685669e-02
-7.178378105163574219e-02
-6.319886445999145508e-02
-4.602934420108795166e-02
-1.016682907938957214e-01
-7.663463056087493896e-02
-5.375531502068042755e-03
-8.201284706592559814e-02
-1.092929765582084656e-01
-1.012742891907691956e-01
-1.195391863584518433e-01
-1.250339895486831665e-01
-5.078277364373207092e-02
-9.100777655839920044e-02
-1.549746096134185791e-01
-1.519023925065994263e-01
-1.341919973492622375e-02
-1.053111851215362549e-01
1.144373454735614359e-04
-8.629882335662841797e-02
2.715084329247474670e-02
-4.025893285870552063e-02
-1.382822394371032715e-01
-7.319801300764083862e-02
-4.291588068008422852e-02
-1.884224712848663330e-01
-1.540932357311248779e-01
-1.259995251893997192e-01
-1.493034362792968750e-01
-1.554866731166839600e-01
-2.926858700811862946e-02
-1.621491760015487671e-01
-1.442313343286514282e-01
-1.124936342239379883e-01
-9.795656800270080566e-02
-1.690363138914108276e-02
-1.243433579802513123e-01
-1.176914274692535400e-01
-1.154202595353126526e-01
-8.650217950344085693e-02
-1.138068214058876038e-01
-7.796077430248260498e-02
-9.711057692766189575e-02
-6.333501636981964111e-02
-6.717321276664733887e-02
-7.431034743785858154e-02
-1.016312018036842346e-01
-1.363325566053390503e-01
-5.280277878046035767e-02
-1.370351463556289673e-01
-1.117962226271629333e-01
3.065197728574275970e-02
-8.542156219482421875e-02
-9.111582487821578979e-02
-1.289668828248977661e-01
-1.801944971084594727e-01
-2.774163335561752319e-02
-7.589770108461380005e-02
2.172701992094516754e-02
-1.773198097944259644e-01
-1.548667252063751221e-01
-1.193268150091171265e-01
-1.296467483043670654e-01
-1.617147177457809448e-01
-1.245594695210456848e-01
-2.299069017171859741e-01
-1.150323525071144104e-01
-8.611076325178146362e-02
-3.158126026391983032e-02
-2.416037023067474365e-01
-1.267015188932418823e-01
-1.888295263051986694e-01
-1.408348381519317627e-01
-7.360021024942398071e-02
-1.541289240121841431e-01
-7.624313980340957642e-02
-9.604862332344055176e-02
-1.515714526176452637e-01
-1.058261692523956299e-01
-9.334803372621536255e-02
-1.066871508955955505e-01
-9.605947881937026978e-02
-7.392242550849914551e-02
-3.206796571612358093e-02
-1.527468413114547729e-01
-1.213633790612220764e-01
-1.706914305686950684e-01
-9.329791367053985596e-02
-2.764241769909858704e-02
-1.300678700208663940e-01
-6.457240879535675049e-02
-1.944721639156341553e-01
-8.513370901346206665e-02
-7.993406057357788086e-02
-1.091630458831787109e-01
