-4.874427244067192078e-02
5.760636553168296814e-02
-6.790556013584136963e-02
7.637215312570333481e-03
-8.173813112080097198e-03
-4.373141005635261536e-02
-3.321686387062072754e-02
-2.803457900881767273e-02
1.070888787508010864e-01
-2.070387452840805054e-02
1.025818940252065659e-02
-5.836609750986099243e-02
7.152663078159093857e-03
1.103029921650886536e-01
-2.620355784893035889e-02
-5.539988353848457336e-02
2.252048812806606293e-02
-2.251168526709079742e-02
-2.741601504385471344e-02
-2.767664380371570587e-02
9.659770131111145020e-02
-1.132532925112172961e-04
7.610913366079330444e-03
1.431721542030572891e-02
3.440387919545173645e-02
-1.917483471333980560e-02
1.159419771283864975e-02
-1.602308009751141071e-03
-5.274485796689987183e-02
-5.534704402089118958e-02
-2.835918217897415161e-02
-1.764720119535923004e-02
-1.036250870674848557e-02
-2.054785378277301788e-02
-4.541303589940071106e-02
3.235316136851906776e-03
-3.515167906880378723e-02
9.504669345915317535e-03
7.674261927604675293e-03
3.595039993524551392e-02
6.673911958932876587e-02
4.709572345018386841e-02
-4.878224432468414307e-02
-1.766916364431381226e-02
-4.008966311812400818e-02
-8.428364992141723633e-03
1.892419718205928802e-02
-6.689985096454620361e-02
-8.500530384480953217e-03
-4.309608787298202515e-02
-3.566475957632064819e-02
6.189124658703804016e-03
4.946729540824890137e-02
-1.706100255250930786e-02
-4.645780473947525024e-02
-3.443574532866477966e-02
-1.193515956401824951e-02
1.755899563431739807e-02
1.129248291254043579e-01
-1.450886670500040054e-02
-1.420514471828937531e-02
-2.570764161646366119e-02
-5.655547976493835449e-02
-7.542675733566284180e-02
1.467770058661699295e-02
-2.911598421633243561e-02
7.920085638761520386e-02
-5.585084855556488037e-02
-1.999398879706859589e-02
-3.304777666926383972e-02
-1.272246334701776505e-02
-2.406665682792663574e-02
1.247383281588554382e-02
9.220351278781890869e-02
-1.275408547371625900e-02
-8.943658322095870972e-03
-1.372497063130140305e-02
1.645684801042079926e-02
2.004073560237884521e-02
2.471021935343742371e-02
-7.013012468814849854e-02
-1.018619164824485779e-03
-1.712930575013160706e-02
-3.775431960821151733e-02
-4.328789934515953064e-02
1.425142586231231689e-01
2.174402819946408272e-03
-2.089734375476837158e-02
-3.200113773345947266e-03
1.924258098006248474e-02
-4.457053542137145996e-02
3.892834531143307686e-03
-3.697879239916801453e-02
3.146745264530181885e-02
1.271954737603664398e-02
-2.353938482701778412e-02
-4.725032486021518707e-03
-2.967436052858829498e-02
-1.884263381361961365e-02
-4.679019004106521606e-02
-5.810498073697090149e-02
-4.215371981263160706e-02
6.150341406464576721e-02
9.426306001842021942e-03
-1.267260964959859848e-02
-4.978219047188758850e-03
-1.105493493378162384e-02
-7.425781339406967163e-02
-2.833316661417484283e-02
-1.676988229155540466e-02
-2.735566906630992889e-02
1.928076520562171936e-02
-4.941876977682113647e-02
4.269807785749435425e-02
-1.279111485928297043e-03
-5.066526681184768677e-02
-3.720010444521903992e-02
7.037550676614046097e-03
1.589284837245941162e-02
6.896615028381347656e-02
-2.549373020883649588e-04
-4.985688626766204834e-02
-4.937613755464553833e-02
-3.404685482382774353e-02
4.545263200998306274e-02
8.783128112554550171e-02
-3.980456292629241943e-02
-2.812667563557624817e-02
5.035830289125442505e-02
-3.649524971842765808e-02
-3.889767080545425415e-02
3.630079701542854309e-02
-3.544532135128974915e-02
-1.253178995102643967e-02
2.915279194712638855e-02
-1.915244199335575104e-02
-9.118317626416683197e-03
-6.389071792364120483e-02
-5.668764188885688782e-02
-1.941397041082382202e-02
1.182680800557136536e-01
1.319316215813159943e-02
-2.125098183751106262e-02
3.185452148318290710e-02
-5.187143571674823761e-03
4.300025105476379395e-02
7.252782583236694336e-02
-2.839438617229461670e-03
3.765521338209509850e-03
-2.489791437983512878e-02
-3.759587556123733521e-02
-1.049809972755610943e-03
-1.934209838509559631e-02
1.578410342335700989e-02
3.577720746397972107e-02
-2.144975215196609497e-02
1.986582763493061066e-02
5.215874873101711273e-03
-2.978950925171375275e-02
-6.335677579045295715e-03
-2.141837589442729950e-02
5.309263989329338074e-02
8.571627549827098846e-03
-3.208957379683852196e-03
-1.944197900593280792e-02
-3.731365082785487175e-03
-1.685027778148651123e-02
-2.063855901360511780e-02
3.657956421375274658e-02
-4.118633642792701721e-02
9.787424467504024506e-03
7.148549705743789673e-02
-5.300511419773101807e-02
1.657378673553466797e-02
9.122285060584545135e-03
-4.791563749313354492e-02
-3.355661407113075256e-02
8.843278884887695312e-02
1.587270572781562805e-02
8.071860671043395996e-02
-3.198062768206000328e-03
3.862640634179115295e-02
-3.948121517896652222e-02
1.528714746236801147e-01
-2.526839822530746460e-02
-3.631014004349708557e-02
-3.523438423871994019e-02
-2.093157358467578888e-02
1.001908630132675171e-02
7.980429381132125854e-02
-5.450395867228507996e-02
2.085073105990886688e-02
-1.171155646443367004e-02
-4.111796617507934570e-02
9.326222934760153294e-04
-4.469548165798187256e-02
-3.899727761745452881e-02
-1.585227809846401215e-02
-5.235943943262100220e-03
3.104696515947580338e-03
-3.152933716773986816e-02
-3.153631463646888733e-02
4.252337664365768433e-02
-3.720562160015106201e-02
-3.662773966789245605e-02
5.471045151352882385e-04
-3.126835823059082031e-02
-5.946133751422166824e-03
-2.036881260573863983e-02
1.949689537286758423e-02
-4.695365205407142639e-02
-7.563333027064800262e-03
-3.125192970037460327e-02
-5.707953590899705887e-03
-2.000352554023265839e-02
-5.215859785676002502e-02
4.427773412317037582e-03
